Sequential times

88686
94065
94040
91341
99360
88880
94970
91230
94467
89611
102381
93446
92267
97056
91123
95109
90981
91875
92542
95143
95143
95668
96722
115274
92373
97105
101587
98549
100593
102448
93634
96092
89911
92697
93451
96937
94835
94459
90998
90957
99109
95694
91568
90001
93245
100431
95707
93315
93124
94524
95334
96822
91510
98062
98492
92914
92018
91622
88917
92969
94753
95423
92970
91915
90957
93300
91387
93622
99111
94757
95132
90285
99679
92163
94110
96231
96742
92910
97412
94401
93112
92338
93440
95051
93768
90800
94174
101627
90323
99238
97754
93489
93680
96003
94772
90213
90720
90859
91861
91641
