0.417582
0.007816
0.020398
0.207608
0.208074
0.168131
0.408419
0.296681
0.235104
0.042582
0.613613
0.156256
0.069549
0.312996
0.170457
0.311618
0.085340
0.084036
0.387773
0.093459
0.181363
0.347387
0.212837
0.158558
0.293711
0.278228
0.490835
0.188083
0.144518
0.028022
0.042752
0.188814
0.214702
0.103720
0.013140
0.001996
0.282387
0.157912
0.121659
0.161829
0.153813
0.216961
0.145064
0.053908
0.070243
0.224021
0.265442
0.377574
0.334170
0.128542
0.094839
0.355716
0.296320
0.219946
0.140313
0.145582
0.255209
0.494447
0.188926
0.413099
0.365184
0.077427
0.171628
0.128190
0.295827
0.261208
0.230260
0.167947
0.134967
0.209576
0.505921
0.754360
0.611200
0.154328
0.099180
0.316209
0.382344
0.038130
0.144740
0.139216
0.002860
0.243594
0.198674
0.322998
0.467244
0.381413
0.196240
0.025178
0.387545
0.198023
0.212042
0.010029
0.111476
0.142987
0.308166
0.261235
0.278959
0.330817
0.416568
0.095357
0.359435
0.017230
0.218045
0.400494
0.112228
0.290076
0.136612
0.302431
0.062167
0.347905
0.299203
0.042690
0.230956
0.389526
0.074159
0.442300
0.025122
0.217722
0.524786
0.464758
0.059677
0.441518
0.057735
0.328674
0.353868
0.293945
0.435645
0.155745
0.211179
0.051877
0.688587
0.076411
0.312687
0.132016
0.072694
0.230769
0.095582
0.190114
0.036947
0.025046
0.013466
0.123598
0.115725
0.381293
0.146101
0.104401
0.166039
0.468172
0.066054
0.276317
0.003461
0.058590
0.318776
0.005836
0.212287
0.138899
0.041931
0.147615
0.211324
0.015484
0.455386
0.451842
0.108542
0.290770
0.115801
0.251096
0.029385
0.220746
0.306355
0.468551
0.098511
0.115512
0.014073
0.182214
0.032315
0.294415
0.035993
0.224360
0.053538
0.211656
0.126359
0.079608
0.449536
0.206262
0.059883
0.304968
0.022824
0.037951
0.481900
0.159200
0.017207
0.132996
0.136440
0.207778
0.366785
0.173933
0.258290
0.003447
0.080091
0.165821
0.214375
0.153842
0.228048
0.086699
0.160209
0.012230
0.288151
0.400752
0.163464
0.094200
0.048582
0.085236
0.272248
0.546946
0.295649
0.131009
0.150178
0.046349
0.727339
0.099043
0.077257
0.159381
0.407917
0.267177
0.097085
0.063367
0.249594
0.147303
0.020280
0.080518
0.169794
0.027331
0.111733
0.002541
0.154313
0.196236
0.182419
0.114450
0.393197
0.203472
0.096038
0.581756
0.191820
0.056486
0.279868
0.052703
0.024990
0.122332
0.342034
0.015058
0.157017
0.156265
0.292883
0.033399
0.024559
0.404403
0.213011
0.479261
0.338391
0.354929
0.129603
0.243661
0.063958
0.168813
0.269767
0.002086
0.337448
0.026917
0.117944
0.382738
0.364179
0.194284
0.077551
0.319314
0.147823
0.592592
0.137989
0.172582
0.463596
0.522039
0.114069
0.550287
0.279983
0.280270
0.329913
0.059665
0.000702
0.027403
0.419772
0.269246
0.066714
0.015101
0.440806
0.116693
0.108980
0.147210
0.402781
0.211692
0.025038
0.248240
0.158867
0.112228
0.192005
0.501801
0.052987
0.421024
0.368987
0.075057
0.075222
0.046238
0.751575
0.041155
0.410138
0.000162
0.222947
0.081229
0.059910
0.309426
0.447436
0.039031
0.026532
0.206040
0.281820
0.105235
0.027218
0.116078
0.135891
0.527601
0.297017
0.491400
0.093878
0.121659
0.034384
0.031173
0.007342
0.121902
0.019852
0.325341
0.103271
0.333918
0.252125
0.456255
0.169766
0.593138
0.086674
0.352368
0.156806
0.057147
0.301237
0.339690
0.281610
0.281624
0.069773
0.573196
0.067862
0.502051
0.353456
1.000000
0.105648
0.128044
0.140695
0.208823
0.156393
0.008682
0.196895
0.079392
0.139207
0.539356
0.071139
0.373706
0.123181
0.326052
0.102248
0.046129
0.240048
0.352600
0.084518
0.297858
0.007717
0.287735
0.109842
0.279368
0.052656
0.265824
0.178996
0.178057
0.250411
0.253069
0.114051
0.102492
0.002994
0.357880
0.455428
0.102990
0.000844
0.125799
0.007078
0.352282
0.147305
0.113048
0.352586
0.055039
0.166133
0.123322
0.054154
0.302459
0.506860
0.396867
0.044292
0.144112
0.239067
0.731253
0.116392
0.188434
0.240919
0.769419
0.052110
0.534387
0.314102
0.101455
0.092303
0.126025
0.317470
0.557350
0.014312
0.087366
0.107371
0.102095
0.366947
0.119829
0.458175
0.250821
0.181853
0.246304
0.113010
0.040021
0.133853
0.134900
0.321699
0.432653
0.097736
0.358496
0.177820
0.093572
0.259305
0.506417
0.052591
0.335214
0.091893
0.060740
0.198300
0.216836
0.052641
0.178019
0.060179
0.151358
0.476855
0.130664
0.349168
0.196842
0.004490
0.054001
0.060376
0.057830
0.050441
0.206644
0.340688
0.020423
0.352464
0.039759
0.305300
0.105478
0.396348
0.221315
0.005946
0.187626
0.041307
0.033932
0.043189
0.206646
0.073646
0.283634
0.203294
0.133191
0.057397
0.083513
0.357831
0.161683
0.463979
0.195758
0.435517
0.191195
0.518495
0.217695
0.405413
0.229617
0.260777
0.311821
0.799026
0.412299
0.285507
0.180576
0.213509
0.312041
0.050458
0.257877
0.852097
0.077052
0.129352
0.146217
0.005962
0.182402
0.283580
0.127688
0.348771
0.597189
0.162993
0.011830
0.018945
0.188600
0.175738
0.139428
0.064027
0.131362
0.213565
0.603118
0.439950
0.096430
0.233648
0.232010
0.061021
0.103509
0.325459
0.317844
0.087920
0.079610
0.442152
0.251294
0.272893
0.244035
0.006274
0.150279
0.273573
0.105845
0.472921
0.066439
0.386376
0.118120
0.100678
0.377778
0.289403
0.019732
0.200998
0.103849
0.050702
0.189160
0.160632
0.408519
0.668511
0.204061
0.386777
0.042688
0.685751
0.122530
0.485476
0.671900
0.074926
0.316134
0.769707
0.317906
0.054956
0.358141
0.062743
0.010440
0.153514
0.459642
0.036934
0.319637
0.213075
0.057699
0.274868
0.358252
0.447309
0.370633
0.275150
0.035900
0.234623
0.494870
0.345702
0.194965
0.209163
0.281014
0.063906
0.002115
0.089239
0.469766
0.143305
0.215695
0.291312
0.485142
0.206494
0.087940
0.067005
0.267713
0.099259
0.399537
0.072072
0.160306
0.139481
0.170210
0.264513
0.367723
0.003888
0.006034
0.079660
0.188303
0.160339
0.034638
0.331128
0.031305
0.185309
0.108677
0.111718
0.225257
0.148552
0.139356
0.371502
0.196318
0.168783
0.124806
0.266708
0.176526
0.198471
0.048965
0.019299
0.193488
0.082004
0.946749
0.093565
0.254914
0.338433
0.304499
0.357818
0.168258
0.095276
0.131616
0.168388
0.128325
0.137829
0.226474
0.168075
0.119751
0.180221
0.689548
0.105190
0.338517
0.200746
0.447033
0.062292
0.037679
0.286862
0.052265
0.343094
0.284875
0.223563
0.010399
0.341821
0.264038
0.113855
0.123172
0.061810
0.052253
0.288030
0.062013
0.127640
0.151827
0.063061
0.268509
0.118803
0.093412
0.326881
0.224607
0.196195
0.129409
0.448073
0.365849
0.334767
0.499571
0.013736
0.005546
0.026265
0.622393
0.515494
0.398106
0.027041
0.015382
0.275391
0.272796
0.023138
0.556868
0.085368
0.003129
0.312967
0.065920
0.094080
0.049035
0.311922
0.267302
0.049306
0.341579
0.051991
0.494501
0.217939
0.137671
0.536509
0.368436
0.475035
0.373916
0.008906
0.357116
0.175886
0.210091
0.398145
0.007124
0.572830
0.136660
0.115804
0.252465
0.026229
0.198327
0.018925
0.319241
0.184321
0.037054
0.003182
0.030461
0.231661
0.403812
0.606930
0.033337
0.046970
0.019718
0.621616
0.230548
0.017118
0.115343
0.264086
0.217912
0.115398
0.027738
0.204774
0.061892
0.157662
0.013189
0.096642
0.000587
0.175169
0.039733
0.084390
0.081875
0.111708
0.092670
0.448396
0.095460
0.386078
0.063945
0.211957
0.326606
0.867406
0.421571
0.170847
0.154361
0.032101
0.616043
0.185223
0.199540
0.255894
0.136828
0.091283
0.294271
0.079440
0.251806
0.288834
0.362237
0.611631
0.092238
0.034458
0.045803
0.219664
0.056644
0.279655
0.506317
0.460548
0.041637
0.278691
0.135268
0.709702
0.027234
0.054677
0.028760
0.090809
0.023246
0.005120
0.467856
0.050874
0.035667
0.378410
0.518388
0.112356
0.133845
0.220677
0.118591
0.070344
0.180667
0.082885
0.009423
0.099279
0.321979
0.312953
0.042194
0.127127
0.083289
0.188030
0.197850
0.336054
0.318102
0.202183
0.237296
0.002388
0.541539
0.292237
0.029751
0.212960
0.359998
0.322278
0.195485
0.057238
0.292087
0.274943
0.182454
0.418541
0.192369
0.525789
0.557348
0.318669
0.022038
0.114096
0.202376
0.093852
0.122102
0.639983
0.574937
0.124802
0.219325
0.034232
0.002607
0.084200
0.269338
0.233308
0.334605
0.297668
0.071410
0.135737
0.113757
0.409628
0.148795
0.049492
0.280046
0.168725
0.087363
0.006569
0.087381
0.232358
0.077307
0.460527
0.220855
0.094195
0.281109
0.207754
0.446291
0.372191
0.251483
0.356463
0.000084
0.011305
0.352286
0.521476
0.189136
0.056575
0.370139
0.117048
0.227541
0.083726
0.054695
0.128271
0.087656
0.158001
0.024052
0.280358
0.537942
0.454564
0.164028
0.467313
0.176921
0.191629
0.211384
0.329140
0.020195
0.307655
0.536128
0.050783
0.608811
0.058209
0.289757
0.042382
0.080261
0.636271
0.006939
0.091382
0.387307
0.085441
0.419186
0.018495
0.061499
0.110906
0.250256
0.192324
0.045286
0.256515
0.460681
0.056710
0.190194
0.565703
0.014158
0.145529
0.023502
0.147257
0.133927
0.015103
0.232224
0.296782
0.806228
0.231209
0.063797
0.023588
0.250230
0.252617
0.105861
0.034201
0.272270
0.220367
0.130568
0.051362
0.299139
0.064770
0.077692
0.169067
0.493739
0.211953
0.156731
0.028461
0.581839
0.022001
0.343915
0.288502
0.101303
0.124644
0.365241
0.093657
0.153584
0.150149
0.307532
0.250971
0.116270
0.283072
0.533179
0.093625
0.098996
0.539485
0.150987
0.265130
0.147737
0.013302
0.596177
0.294375
0.225481
0.027595
0.237053
0.004445
0.378618
0.252255
0.253174
0.147578
0.075237
0.139332
0.037198
0.039986
0.205774
0.457115
0.013236
0.168836
0.459440
0.149581
0.018434
0.135148
0.444085
0.355115
0.027607
0.396044
0.227152
0.188395
0.094609
0.030620
0.154933
0.642984
0.102143
0.347570
0.017365
0.076711
0.093351
0.336472
0.378420
0.112230
0.046174
0.030520
0.304395
0.423249
0.137419
0.065918
0.186381
0.469070
0.096299
0.196595
0.420473
0.233467
0.095627
0.047740
0.163776
0.015455
0.575303
0.109288
0.239681
0.139448
0.516748
0.042404
0.048847
0.383267
0.064097
0.060886
0.091529
0.161850
0.538916
0.230523
0.231490
0.000651
0.294957
0.375969
0.279128
0.163641
0.029220
0.302259
0.248502
0.319609
0.035720
0.474099
0.104700
0.124878
0.043322
0.141468
0.107074
0.200226
0.044391
0.139038
0.046295
0.223001
0.279527
0.179413
0.456389
0.010151
0.022380
0.355954
0.417704
0.095143
0.051472
0.279788
0.224659
0.477248
0.150258
0.250316
0.038189
0.381859
0.069707
0.270166
0.307613
0.172528
0.408866
0.213404
0.150596
0.275874
0.117499
0.031263
0.194478
0.070313
0.487609
0.061981
0.162608
0.045401
0.192129
0.331495
0.326367
0.108305
0.277970
0.288346
0.152629
0.400162
0.021749
0.337854
0.301017
0.296862
0.002238
0.060314
0.644333
0.082651
0.357336
0.230195
0.160122
0.025599
0.044005
0.152802
0.162653
0.050337
0.405586
0.082623
0.186909
0.148914
0.397400
0.113168
0.108350
0.137480
0.130950
0.177094
0.176431
0.224556
0.108976
0.142744
0.004188
0.325179
0.157402
0.067608
0.028404
0.373643
0.010485
0.113102
0.192733
0.085151
0.059021
0.039641
0.627564
0.391025
0.041909
0.270415
0.350889
0.036143
0.156317
0.035027
0.279075
0.363650
0.429014
0.118737
0.177109
0.179147
0.064819
0.497582
0.122578
0.467793
0.352933
0.033393
0.053305
0.190657
0.046378
0.194682
0.231550
0.106622
0.170559
0.506560
0.005684
0.075359
0.160615
0.267930
0.128824
0.057532
0.318466
0.272244
0.535476
0.094277
0.058851
0.155930
0.000184
0.350804
0.472898
0.404499
0.182061
0.223797
0.206517
0.300125
0.102710
0.043284
0.450261
0.163344
0.052031
0.572899
0.039966
0.304484
0.115000
0.463208
0.249518
0.172499
0.026381
0.694001
0.162816
0.072850
0.137172
0.449285
0.201527
0.123882
0.164841
0.210566
0.121559
0.052711
0.112287
0.036551
0.108201
0.070039
0.381802
0.093592
0.755988
0.141904
0.443511
0.135055
0.257204
0.399517
0.206178
0.292925
0.187058
0.062121
0.051561
0.046577
0.149411
0.264301
0.334380
0.333959
0.227228
0.158000
0.307138
0.005680
0.019453
0.359477
0.260404
0.105782
0.457285
0.031785
0.015620
0.050799
0.126348
0.094652
0.026558
0.036750
0.223766
0.405128
0.053478
0.230993
0.052427
0.040077
0.076650
0.017864
0.043321
0.286681
0.352831
0.411494
0.196888
0.323184
0.084673
0.174526
0.083528
0.024452
0.161453
0.288916
0.049581
0.398831
0.443785
0.039974
0.090293
0.114846
0.152869
0.430894
0.145915
0.087968
0.099017
0.305373
0.559863
0.394680
0.309294
0.109552
0.075202
0.637439
0.021883
0.377766
0.064280
0.026341
0.227097
0.065060
0.234949
0.737632
0.488164
0.547264
0.083857
0.100396
0.385641
0.227451
0.398785
0.185252
0.063441
0.121365
0.051463
0.139319
0.203197
0.159756
0.096412
0.154908
0.195580
0.015587
0.181353
0.005073
0.218680
0.140977
0.355421
0.143131
0.494369
0.364593
0.040704
0.112393
0.197952
0.057517
0.188089
0.400394
0.101362
0.182088
0.025500
0.009521
0.016217
0.071796
0.146628
0.163488
0.196352
0.015615
0.239250
0.076525
0.370251
0.382530
0.100585
0.197299
0.122055
0.091874
0.057445
0.082947
0.626828
0.247479
0.011288
0.311294
0.031609
0.332580
0.019044
0.090593
0.487398
0.270737
0.257366
0.007165
0.140480
0.514982
0.399209
0.389744
0.327944
0.583833
0.080647
0.150369
0.039925
0.105017
0.058271
0.018880
0.254333
0.004729
0.226294
0.043313
0.028713
0.126906
0.689948
0.309613
0.143968
0.463062
0.246207
0.163181
0.390073
0.606811
0.251380
0.250797
0.028422
0.309300
0.072246
0.300073
0.496812
0.158084
0.077922
0.227327
0.041516
0.199714
0.113964
0.065391
0.259025
0.112758
0.042800
0.022848
0.166379
0.061849
0.072091
0.034212
0.179049
0.135183
0.248535
0.230917
0.124044
0.009774
0.271245
0.182884
0.307067
0.066282
0.494931
0.152805
0.322741
0.070924
0.126679
0.411534
0.026063
0.238094
0.057027
0.350687
0.004891
0.256223
0.011721
0.043095
0.030383
0.178465
0.072446
0.219450
0.036527
0.582972
0.085850
0.043702
0.017902
0.389173
0.347619
0.086804
0.221726
0.213146
0.338048
0.410074
0.116568
0.283644
0.116644
0.110934
0.047246
0.323607
0.132223
0.582707
0.277074
0.135532
0.238304
0.364350
0.378041
0.370589
0.201786
0.082444
0.252608
0.179199
0.281628
0.183932
0.188513
0.034783
0.019255
0.012497
0.298301
0.286744
0.180977
0.401659
0.561328
0.308185
0.237987
0.447481
0.234427
0.034728
0.078952
0.306746
0.066165
0.497730
0.070885
0.327797
0.456865
0.125539
0.075238
0.006143
0.024441
0.341730
0.045820
0.267981
0.141071
0.162036
0.068438
0.496510
0.094249
0.287325
0.299370
0.443181
0.152846
0.321885
0.130566
0.301704
0.298181
0.014276
0.248043
0.173892
0.102123
0.405746
0.123590
0.097001
0.173457
0.271690
0.199370
0.103985
0.125911
0.004697
0.391245
0.160385
0.036647
0.003781
0.029407
0.201470
0.059753
0.052789
0.111393
0.286637
0.066848
0.203187
0.184277
0.045964
0.112372
0.259290
0.143492
0.171170
0.032268
0.337695
0.404809
0.014326
0.053519
0.017034
0.171806
0.088377
0.280599
0.317104
0.198664
0.009796
0.066645
0.236369
0.020391
0.465760
0.018875
0.201179
0.417500
0.396252
0.121303
0.418296
0.055400
0.058609
0.182769
0.399548
0.040307
0.219499
0.386011
0.208022
0.262983
0.033753
0.233224
0.091796
0.566407
0.171016
0.123472
0.371896
0.100846
0.107210
0.244227
0.037628
0.123306
0.444997
0.292624
0.087547
0.045632
0.104093
0.089892
0.868428
0.119233
0.120561
0.206559
0.262247
0.189197
0.288490
0.026810
0.199278
0.060110
0.200805
0.278080
0.171773
0.164160
0.105022
0.559270
0.420573
0.167066
0.016140
0.254023
0.115082
0.099756
0.234153
0.044551
0.154927
0.106334
0.265306
0.115063
0.057486
0.318304
0.255211
0.577158
0.202055
0.108327
0.086847
0.406820
0.337089
0.222639
0.208519
0.104370
0.288361
0.093352
0.168207
0.755334
0.115566
0.289840
0.116723
0.124298
0.092024
0.168594
0.201834
0.227681
0.146176
0.189504
0.087004
0.096524
0.041261
0.112171
0.534158
0.116660
0.447966
0.219813
0.298166
0.474312
0.097935
0.395049
0.046046
0.563302
0.271922
0.129474
0.057748
0.439402
0.134073
0.059850
0.189335
0.094046
0.013098
0.740176
0.140466
0.061916
0.044182
0.189954
0.437181
0.077692
0.321887
0.213486
0.080422
0.452834
0.099657
0.216099
0.046248
0.048145
0.355141
0.011140
0.339986
0.448193
0.127193
0.144063
0.164530
0.281170
0.527855
0.221936
0.067191
0.291670
0.069222
0.243315
0.030842
0.006020
0.073394
0.040666
0.064666
0.380707
0.027934
0.057672
0.473923
0.042155
0.015843
0.036727
0.168134
0.269950
0.109354
0.081191
0.250349
0.327807
0.201744
0.285789
0.293064
0.423420
0.333872
0.754676
0.399381
0.096358
0.017712
0.372634
0.267338
0.267186
0.829361
0.172821
0.348718
0.258355
0.075242
0.218283
0.332371
0.039323
0.045011
0.114499
0.616716
0.408918
0.712455
0.405942
0.158865
0.015044
0.170689
0.151165
0.044251
0.041632
0.419290
0.306614
0.317319
0.031554
0.121917
0.034711
0.234667
0.084341
0.319692
0.319023
0.105634
0.246528
0.440750
0.526198
0.242227
0.129675
0.519361
0.670449
0.052553
0.535573
0.016815
0.405045
0.237596
0.410464
0.466490
0.426458
0.210252
0.628731
0.458616
0.223872
0.282357
0.135483
0.019969
0.265085
0.076104
0.139079
0.341147
0.224528
0.611781
0.082083
0.064298
0.142966
0.048121
0.028739
0.478926
0.199871
0.086976
0.021925
0.387855
0.103023
0.243717
0.008767
0.335670
0.237561
0.456200
0.275323
0.170912
0.163823
0.343144
0.440804
0.190453
0.045531
0.175507
0.498741
0.009168
0.138391
0.253325
0.404176
0.340114
0.263242
0.368641
0.365503
0.369423
0.014522
0.202158
0.280718
0.201175
0.026119
0.196218
0.119953
0.130819
0.429977
0.167058
0.270899
0.343833
0.070585
0.347551
0.435491
0.195276
0.281142
0.041150
0.177005
0.160585
0.306919
0.241030
0.111429
0.405120
0.186595
0.100718
0.422949
0.294040
0.370710
0.118837
0.030816
0.085066
0.430567
0.111989
0.140340
0.521125
0.243243
0.055990
0.213059
0.205330
0.006555
0.023541
0.232807
0.101733
0.190098
0.054879
0.169605
0.526653
0.224926
0.609584
0.536909
0.022501
0.123983
0.333202
0.173100
0.215191
0.109403
0.112677
0.418090
0.207972
0.027127
0.135935
0.263298
0.316908
0.478471
0.285958
0.201720
0.137749
0.535660
0.176751
0.185637
0.051909
0.428035
0.863861
0.278658
0.013904
0.113324
0.082029
0.120171
0.133168
0.040689
0.006308
0.466019
0.050437
0.294010
0.276917
0.346035
0.055016
0.066400
0.068700
0.003762
0.263665
0.184089
0.325322
0.284130
0.525968
0.366617
0.016616
0.073797
0.367296
0.145838
0.399534
0.000659
0.031211
0.174258
0.220213
0.046264
0.147975
0.309434
0.187586
0.201281
0.033046
0.226511
0.366881
0.178545
0.000912
0.306039
0.117214
0.411640
0.355104
0.203927
0.151952
0.044840
0.378962
0.193116
0.252874
0.063975
0.405023
0.675231
0.187227
0.328466
0.529498
0.164038
0.333675
0.512584
0.141313
0.500013
0.028293
0.224585
0.043503
0.384814
0.078163
0.514137
0.143917
0.130517
0.251318
0.409178
0.416742
0.310922
0.220581
0.208354
0.032774
0.146861
0.176721
0.295189
0.271563
0.172062
0.288418
0.367462
0.638987
0.201263
0.226794
0.350765
0.049991
0.362734
